 -15.000  -1.4844   0.01576   0.01185  -0.0226   1.0000   0.0067
 -14.800  -1.4670   0.01537   0.01144  -0.0219   1.0000   0.0069
 -14.600  -1.4493   0.01500   0.01106  -0.0213   1.0000   0.0070
 -14.400  -1.4314   0.01465   0.01069  -0.0207   1.0000   0.0071
 -14.200  -1.4131   0.01431   0.01034  -0.0201   1.0000   0.0072
 -14.000  -1.3947   0.01399   0.01001  -0.0195   1.0000   0.0073
 -13.800  -1.3760   0.01368   0.00969  -0.0189   1.0000   0.0074
 -13.600  -1.3571   0.01339   0.00939  -0.0184   1.0000   0.0074
 -13.400  -1.3382   0.01311   0.00910  -0.0178   1.0000   0.0075
 -13.200  -1.3191   0.01284   0.00883  -0.0173   1.0000   0.0076
 -13.000  -1.3000   0.01258   0.00856  -0.0168   1.0000   0.0077
 -12.800  -1.2809   0.01233   0.00830  -0.0162   1.0000   0.0077
 -12.600  -1.2621   0.01209   0.00805  -0.0155   1.0000   0.0078
 -12.400  -1.2437   0.01186   0.00782  -0.0148   1.0000   0.0079
 -12.200  -1.2256   0.01164   0.00759  -0.0140   1.0000   0.0079
 -12.000  -1.2080   0.01143   0.00738  -0.0130   1.0000   0.0080
 -11.800  -1.1867   0.01121   0.00715  -0.0129   0.9998   0.0080
 -11.600  -1.1632   0.01098   0.00692  -0.0132   0.9993   0.0081
 -11.400  -1.1395   0.01076   0.00670  -0.0136   0.9987   0.0081
 -11.200  -1.1157   0.01055   0.00649  -0.0140   0.9980   0.0082
 -11.000  -1.0917   0.01035   0.00628  -0.0144   0.9972   0.0082
 -10.800  -1.0676   0.01014   0.00608  -0.0148   0.9964   0.0082
 -10.600  -1.0433   0.00995   0.00588  -0.0153   0.9954   0.0082
 -10.400  -1.0190   0.00972   0.00565  -0.0157   0.9943   0.0084
 -10.200  -0.9976   0.00946   0.00537  -0.0156   0.9916   0.0088
 -10.000  -0.9759   0.00924   0.00516  -0.0154   0.9879   0.0091
  -9.800  -0.9540   0.00904   0.00496  -0.0154   0.9837   0.0093
  -9.600  -0.9332   0.00886   0.00478  -0.0150   0.9789   0.0095
  -9.400  -0.9128   0.00870   0.00461  -0.0145   0.9724   0.0097
  -9.200  -0.8919   0.00855   0.00445  -0.0142   0.9666   0.0099
  -9.000  -0.8713   0.00841   0.00430  -0.0137   0.9584   0.0100
  -8.800  -0.8500   0.00827   0.00414  -0.0134   0.9513   0.0101
  -8.600  -0.8290   0.00815   0.00400  -0.0131   0.9413   0.0103
  -8.400  -0.8074   0.00803   0.00386  -0.0129   0.9326   0.0104
  -8.200  -0.7859   0.00792   0.00372  -0.0126   0.9218   0.0104
  -8.000  -0.7644   0.00783   0.00359  -0.0123   0.9089   0.0105
  -7.800  -0.7426   0.00773   0.00347  -0.0122   0.8966   0.0105
  -7.600  -0.7207   0.00763   0.00334  -0.0120   0.8832   0.0106
  -7.400  -0.6992   0.00750   0.00316  -0.0117   0.8681   0.0112
  -7.200  -0.6775   0.00739   0.00301  -0.0115   0.8504   0.0117
  -7.000  -0.6558   0.00732   0.00289  -0.0113   0.8265   0.0120
  -6.800  -0.6341   0.00727   0.00276  -0.0111   0.7965   0.0124
  -6.600  -0.6123   0.00725   0.00266  -0.0110   0.7622   0.0126
  -6.400  -0.5903   0.00723   0.00256  -0.0108   0.7307   0.0128
  -6.200  -0.5681   0.00719   0.00246  -0.0108   0.7065   0.0130
  -6.000  -0.5456   0.00715   0.00238  -0.0107   0.6900   0.0131
  -5.800  -0.5232   0.00708   0.00227  -0.0106   0.6734   0.0134
  -5.600  -0.5009   0.00701   0.00216  -0.0106   0.6544   0.0141
  -5.400  -0.4786   0.00695   0.00206  -0.0105   0.6365   0.0149
  -5.200  -0.4561   0.00691   0.00198  -0.0105   0.6176   0.0154
  -5.000  -0.4335   0.00686   0.00190  -0.0105   0.6029   0.0157
  -4.800  -0.4109   0.00682   0.00183  -0.0104   0.5873   0.0160
  -4.600  -0.3882   0.00680   0.00177  -0.0104   0.5698   0.0161
  -4.400  -0.3657   0.00676   0.00168  -0.0104   0.5498   0.0172
  -4.200  -0.3432   0.00673   0.00161  -0.0104   0.5309   0.0181
  -4.000  -0.3205   0.00669   0.00155  -0.0104   0.5160   0.0188
  -3.800  -0.2978   0.00667   0.00150  -0.0104   0.5014   0.0193
  -3.600  -0.2750   0.00665   0.00144  -0.0104   0.4862   0.0197
  -3.400  -0.2524   0.00662   0.00138  -0.0104   0.4691   0.0214
  -3.200  -0.2297   0.00661   0.00133  -0.0104   0.4509   0.0224
  -3.000  -0.2070   0.00661   0.00129  -0.0104   0.4326   0.0230
  -2.800  -0.1842   0.00660   0.00124  -0.0104   0.4170   0.0243
  -2.600  -0.1614   0.00658   0.00120  -0.0105   0.4029   0.0261
  -2.400  -0.1386   0.00658   0.00117  -0.0105   0.3885   0.0273
  -2.200  -0.1158   0.00658   0.00113  -0.0105   0.3734   0.0294
  -2.000  -0.0931   0.00658   0.00110  -0.0106   0.3561   0.0315
  -1.800  -0.0703   0.00660   0.00108  -0.0106   0.3396   0.0327
  -1.600  -0.0476   0.00659   0.00105  -0.0106   0.3261   0.0362
  -1.400  -0.0247   0.00661   0.00103  -0.0107   0.3123   0.0382
  -1.200  -0.0020   0.00660   0.00102  -0.0107   0.3005   0.0429
  -1.000   0.0210   0.00661   0.00100  -0.0108   0.2898   0.0457
  -0.800   0.0437   0.00661   0.00099  -0.0108   0.2770   0.0516
  -0.600   0.0665   0.00663   0.00098  -0.0109   0.2645   0.0570
  -0.400   0.0894   0.00662   0.00098  -0.0109   0.2563   0.0647
  -0.200   0.1122   0.00660   0.00097  -0.0110   0.2479   0.0746
  -0.000   0.1350   0.00657   0.00096  -0.0110   0.2420   0.0941
   0.200   0.1574   0.00649   0.00096  -0.0110   0.2334   0.1320
   0.400   0.1776   0.00599   0.00088  -0.0108   0.2299   0.3050
   0.600   0.1994   0.00583   0.00087  -0.0107   0.2235   0.3710
   0.800   0.2217   0.00572   0.00087  -0.0107   0.2173   0.4175
   1.000   0.2441   0.00561   0.00087  -0.0107   0.2151   0.4629
   1.200   0.2666   0.00554   0.00088  -0.0108   0.2116   0.5013
   1.400   0.2892   0.00549   0.00090  -0.0108   0.2068   0.5338
   1.600   0.3119   0.00545   0.00092  -0.0109   0.2023   0.5648
   1.800   0.3344   0.00537   0.00093  -0.0109   0.2009   0.6035
   2.000   0.3572   0.00534   0.00096  -0.0110   0.1979   0.6312
   2.200   0.3796   0.00529   0.00098  -0.0110   0.1944   0.6702
   2.400   0.4020   0.00524   0.00102  -0.0110   0.1901   0.7089
   2.600   0.4245   0.00518   0.00105  -0.0110   0.1873   0.7450
   2.800   0.4475   0.00518   0.00108  -0.0111   0.1862   0.7606
   3.000   0.4705   0.00520   0.00111  -0.0112   0.1838   0.7737
   3.200   0.4933   0.00522   0.00115  -0.0113   0.1805   0.7885
   3.400   0.5160   0.00525   0.00119  -0.0113   0.1767   0.8026
   3.600   0.5389   0.00528   0.00124  -0.0114   0.1729   0.8159
   3.800   0.5618   0.00529   0.00128  -0.0115   0.1721   0.8291
   4.000   0.5847   0.00531   0.00132  -0.0116   0.1705   0.8414
   4.200   0.6074   0.00534   0.00137  -0.0116   0.1679   0.8558
   4.400   0.6299   0.00539   0.00142  -0.0117   0.1644   0.8679
   4.600   0.6526   0.00544   0.00148  -0.0117   0.1602   0.8788
   4.800   0.6753   0.00547   0.00153  -0.0118   0.1584   0.8900
   5.000   0.6979   0.00549   0.00158  -0.0118   0.1573   0.9013
   5.200   0.7205   0.00554   0.00164  -0.0118   0.1554   0.9106
   5.400   0.7427   0.00561   0.00171  -0.0118   0.1519   0.9209
   5.600   0.7649   0.00568   0.00178  -0.0118   0.1476   0.9292
   5.800   0.7872   0.00573   0.00184  -0.0118   0.1451   0.9377
   6.000   0.8096   0.00578   0.00190  -0.0117   0.1441   0.9450
   6.200   0.8316   0.00584   0.00197  -0.0117   0.1420   0.9525
   6.400   0.8535   0.00594   0.00206  -0.0116   0.1383   0.9584
   6.600   0.8749   0.00603   0.00214  -0.0114   0.1334   0.9653
   6.800   0.8971   0.00610   0.00221  -0.0114   0.1316   0.9699
   7.000   0.9186   0.00618   0.00229  -0.0112   0.1295   0.9753
   7.200   0.9398   0.00630   0.00238  -0.0110   0.1252   0.9803
   7.400   0.9614   0.00642   0.00248  -0.0109   0.1196   0.9839
   7.600   0.9842   0.00650   0.00256  -0.0111   0.1180   0.9874
   7.800   1.0066   0.00665   0.00268  -0.0112   0.1133   0.9906
   8.000   1.0279   0.00679   0.00279  -0.0111   0.1075   0.9935
   8.400   1.0769   0.00708   0.00303  -0.0123   0.1004   0.9956
   8.600   1.1015   0.00723   0.00315  -0.0129   0.0954   0.9964
   8.800   1.1259   0.00740   0.00329  -0.0136   0.0915   0.9970
   9.000   1.1499   0.00761   0.00346  -0.0141   0.0850   0.9977
   9.200   1.1739   0.00779   0.00361  -0.0147   0.0808   0.9983
   9.400   1.1975   0.00801   0.00379  -0.0152   0.0746   0.9989
   9.600   1.2210   0.00825   0.00399  -0.0157   0.0695   0.9994
   9.800   1.2444   0.00848   0.00418  -0.0161   0.0638   0.9998
  10.000   1.2644   0.00876   0.00442  -0.0159   0.0574   1.0000
  10.200   1.2823   0.00896   0.00459  -0.0151   0.0538   1.0000
  10.400   1.2999   0.00923   0.00482  -0.0144   0.0482   1.0000
  10.600   1.3174   0.00953   0.00509  -0.0136   0.0428   1.0000
  10.800   1.3364   0.00976   0.00529  -0.0131   0.0396   1.0000
  11.000   1.3551   0.01005   0.00555  -0.0126   0.0353   1.0000
  11.200   1.3743   0.01031   0.00578  -0.0122   0.0326   1.0000
  11.400   1.3934   0.01059   0.00604  -0.0119   0.0292   1.0000
  11.600   1.4121   0.01089   0.00632  -0.0114   0.0263   1.0000
  11.800   1.4316   0.01114   0.00655  -0.0111   0.0243   1.0000
  12.000   1.4504   0.01145   0.00684  -0.0107   0.0221   1.0000
  12.200   1.4697   0.01169   0.00708  -0.0104   0.0206   1.0000
  12.400   1.4886   0.01198   0.00735  -0.0101   0.0192   1.0000
  12.600   1.5073   0.01227   0.00764  -0.0097   0.0175   1.0000
  12.800   1.5264   0.01252   0.00789  -0.0094   0.0168   1.0000
  13.000   1.5446   0.01284   0.00820  -0.0089   0.0156   1.0000
  13.200   1.5629   0.01314   0.00849  -0.0085   0.0144   1.0000
  13.400   1.5813   0.01342   0.00877  -0.0081   0.0138   1.0000
  13.600   1.5989   0.01375   0.00910  -0.0076   0.0129   1.0000
  13.800   1.6163   0.01409   0.00944  -0.0071   0.0119   1.0000
  14.000   1.6342   0.01437   0.00972  -0.0066   0.0116   1.0000
  14.200   1.6516   0.01468   0.01004  -0.0061   0.0111   1.0000
  14.400   1.6683   0.01503   0.01039  -0.0055   0.0106   1.0000
  14.600   1.6843   0.01541   0.01078  -0.0048   0.0099   1.0000
  14.800   1.7004   0.01577   0.01114  -0.0042   0.0094   1.0000
  15.000   1.7166   0.01610   0.01148  -0.0035   0.0092   1.0000
  15.200   1.7320   0.01645   0.01185  -0.0027   0.0090   1.0000
  15.400   1.7464   0.01685   0.01225  -0.0018   0.0086   1.0000
  15.600   1.7588   0.01730   0.01271  -0.0006   0.0082   1.0000
  15.800   1.7688   0.01775   0.01317   0.0010   0.0077   1.0000
  16.000   1.7788   0.01820   0.01364   0.0026   0.0074   1.0000
  16.200   1.7896   0.01864   0.01410   0.0040   0.0073   1.0000
  16.400   1.7998   0.01913   0.01462   0.0053   0.0072   1.0000
  16.600   1.8093   0.01968   0.01518   0.0067   0.0070   1.0000
  16.800   1.8182   0.02029   0.01582   0.0080   0.0069   1.0000
  17.000   1.8261   0.02098   0.01653   0.0093   0.0067   1.0000
  17.200   1.8331   0.02177   0.01735   0.0106   0.0065   1.0000
  17.400   1.8395   0.02263   0.01824   0.0118   0.0062   1.0000
  17.600   1.8453   0.02360   0.01923   0.0129   0.0059   1.0000
  17.800   1.8504   0.02466   0.02032   0.0139   0.0057   1.0000
  18.000   1.8561   0.02573   0.02143   0.0147   0.0056   1.0000
  18.200   1.8617   0.02688   0.02261   0.0153   0.0056   1.0000
  18.400   1.8664   0.02816   0.02393   0.0159   0.0056   1.0000
  18.600   1.8701   0.02958   0.02539   0.0163   0.0055   1.0000
  18.800   1.8725   0.03121   0.02706   0.0165   0.0054   1.0000
  19.000   1.8738   0.03302   0.02892   0.0166   0.0054   1.0000
  19.200   1.8734   0.03507   0.03102   0.0165   0.0053   1.0000
  19.400   1.8716   0.03738   0.03338   0.0163   0.0052   1.0000
  19.600   1.8677   0.04003   0.03609   0.0157   0.0051   1.0000
  19.800   1.8616   0.04302   0.03914   0.0150   0.0051   1.0000
  20.000   1.8528   0.04641   0.04260   0.0140   0.0050   1.0000
